-0.24156139 -0.20509681  1.        
-0.28072868  0.47433474  1.        
-0.206534679  0.000562958495  1.
-0.42033813 -0.36480566  1.        
1.2425159  1.02429587 1.        
-0.51674607 -0.90071007  1.        
1.62367079 1.79885473 1.        
 0.38967218 -1.65237033  1.        
 2.03215949 -0.0887992   1.        
 4.25929854 -2.38368246  1.        
0.02747787 0.70455379 1.        
 1.90457338 -1.47405792  1.        
-0.63411806 -1.22594332  1.        
0.66017949 0.38762756 1.        
 0.21883584 -0.36037297  1.        
 0.02598123 -0.12094177  1.        
0.42436136 0.37641062 1.        
-0.56989241 -0.66893492  1.        
0.17164925 0.07651044 1.        
-0.11014995 -0.16581263  1.        
1.05268272 1.50921796 1.        
1.81057994 2.10359169 1.        
-0.38507026 -0.84137726  1.        
1.54045584 2.06697412 1.        
0.63362806 0.15148278 1.        
0.70832275 1.74064864 1.        
 1.36390583 -0.39723262  1.        
0.86038116 2.27593967 1.        
-0.47149999  0.9746282   1.        
0.08410201 0.35790172 1.        
-0.62478522  0.07747148  1.        
1.89546412 1.61502078 1.        
 0.66380788 -2.14996152  1.        
-0.2532881   0.03335614  1.        
-0.48705995  0.87976824  1.        
-0.57189813  0.18666     1.        
-0.27381626  0.30605512  1.        
3.10304558 1.95775953 1.        
2.17563833 2.45847074 1.        
-0.64167692  0.42845978  1.        
0.19191528 0.48423381 1.        
-0.59856251  0.5639952   1.        
 9.33174212 -4.25136641  1.        
0.61746375 0.61695424 1.        
 0.55905344 -1.19105571  1.        
-0.81436129  0.41657312  1.        
1.18159533 0.52036227 1.        
0.48937827 0.79393262 1.        
1.57573379 1.43707747 1.        
0.70078791 0.48095635 1.        
3.01562373 2.27024197 1.        
2.43732388 2.60936353 1.        
 0.59060447 -1.54166134  1.        
 0.64132342 -1.69846546  1.        
-1.71097014  0.17727358  1.        
-0.13511552  0.20302896  1.        
 1.73874435 -1.20265187  1.        
 1.62527172 -0.87544686  1.        
-0.16465722  0.51024511  1.        
 0.76669311 -1.18350776  1.        
-1.05078555 -0.54266597  1.        
-0.46438273 -0.00882457  1.        
 2.11108803 -0.05409105  1.        
1.74322992 0.83839997 1.        
1.34011818 1.93989734 1.        
-0.17669668 -1.41485721  1.        
0.98068737 0.34730726 1.        
1.33760645 0.29301887 1.        
 4.59790859 -2.85827992  1.        
2.19552703 0.72224299 1.        
2.94964188 1.44819427 1.        
-0.69657809  0.07746696  1.        
 2.02391636 -1.67955258  1.        
 1.14591777 -0.62542491  1.        
-2.23392245 -0.25989036  1.        
0.4537649  0.58013075 1.        
-0.2221875  -0.68434748  1.        
-0.22591856 -0.52608892  1.        
0.37423647 0.57188839 1.        
 0.63379515 -0.56073873  1.        
0.6091318  0.27748319 1.        
2.1749502  2.26982118 1.        
0.53092184 0.2055763  1.        
7.13577849 3.6662866  1.        
4.08162343 2.65319051 1.        
1.18899567 2.15958314 1.        
 3.7998454  -2.86870409  1.        
 0.7532528 -0.3971965  1.       
-2.03002487  0.26945219  1.        
0.55800107 1.11859695 1.        
 2.90080484 -1.89031725  1.        
 2.61963079 -2.17406544  1.        
1.47618475 0.77222672 1.        
-0.57862519 -0.36197957  1.        
-0.36672784  1.27736404  1.        
-0.19343447 -1.04702503  1.        
3.31059068 1.58961117 1.        
 0.13335151 -0.26128818  1.        
-1.07489896 -0.82287794  1.        
2.47873503 1.82868993 1.        
 0.94429653 -0.97868775  1.        
-0.20439347 -1.37860349  1.        
-0.04206061 -1.70743683  1.        
-0.96825469 -0.69206788  1.        
 2.04980614 -2.14960671  1.        
-0.95492094  1.38646741  1.        
2.43960685 2.7851833  1.        
-0.01193645 -0.84916521  1.        
 0.76697982 -0.93420153  1.        
0.69690341 1.32603686 1.        
-1.05597426 -0.63216699  1.        
 0.51757842 -0.08316082  1.        
 3.87737398 -1.5978861   1.        
 3.56109626 -2.75604596  1.        
 1.75991792 -1.16479944  1.        
-0.79026368 -0.98510116  1.        
 1.47784766 -1.81268268  1.        
 3.21393024 -2.27029405  1.        
0.47907891 1.22273208 1.        
 1.91727053 -1.03240793  1.        
1.34761799 0.33798013 1.        
-1.13941239  0.58750422  1.        
0.45291217 0.95901712 1.        
 2.68736748 -2.57236851  1.        
 1.5092921  -1.87694507  1.        
2.30609531 1.86995621 1.        
-0.46710823  0.81520129  1.        
 4.02670523 -2.32932615  1.        
2.79279929 2.24484732 1.        
-0.08806434  0.38794528  1.        
3.27210684 1.94989614 1.        
-0.98842798 -0.83437557  1.        
-0.30449968 -0.12843829  1.        
 0.40525715 -1.20872124  1.        
 1.93254748 -2.19178217  1.        
3.44407721 2.52333078 1.        
 1.54086103 -0.94577736  1.        
-0.97216259 -0.09882009  1.        
1.72206977 0.79136588 1.        
 0.51730614 -0.47140976  1.        
-0.95418866  0.46470371  1.        
 3.09301538 -3.17447622  1.        
-0.73534672 -0.08451725  1.        
 2.50349313 -2.28346169  1.        
 2.34884921 -0.81768495  1.        
2.86659717 1.89570327 1.        
 2.39670912 -1.61343135  1.        
-1.3920839 -0.0308858  1.       
1.33782572 0.96716499 1.        
3.46831682 2.69952074 1.        
 3.6528886   0.16093577 -1.        
 3.92728784 -1.30938506 -1.        
 3.70754453 -0.4150324  -1.        
 4.46356415  0.17235839 -1.        
 3.924749   -0.06709053 -1.        
 3.96130909  0.71975185 -1.        
 3.70398162 -0.00353292013 -1.
 4.79580213 -0.76188868 -1.        
 3.85090017  0.23652309 -1.        
 3.13414436 -0.74574425 -1.        
 3.41301717 -0.20245737 -1.        
 4.84621624 -0.53787259 -1.        
 4.49362679  0.22436944 -1.        
 3.82229949 -0.47668104 -1.        
 3.87786502 -0.77356329 -1.        
 3.70270724  0.49229041 -1.        
 3.63928115 -0.28902191 -1.        
 3.74065175 -0.69664399 -1.        
 4.08906701  0.15113304 -1.        
 3.46725902  0.28159821 -1.        
 4.40999379 -0.35026598 -1.        
 3.33979043 -0.45127966 -1.        
 4.36539255 -0.58466111 -1.        
 3.72155248 -0.30194571 -1.        
 3.76657757 -0.16237636 -1.        
 4.80748308 -0.02152877 -1.        
 4.05208501  0.03914856 -1.        
 3.69090042  0.55287308 -1.        
 3.64587465 -0.27320898 -1.        
 3.55729534  0.06315739 -1.        
 4.66591458  0.0989945  -1.        
 4.18100818 -0.40895744 -1.        
 4.00663797 -0.0743854  -1.        
 4.92398138  0.7163749  -1.        
 3.89785448 -0.29304068 -1.        
 4.70057367  0.35345475 -1.        
 3.64330873 -0.11963115 -1.        
 4.49026398 -0.59835237 -1.        
 3.56748039 -0.05074914 -1.        
 3.5011989   0.64115646 -1.        
 4.56663128  0.14624662 -1.        
 4.95872418 -0.81623051 -1.        
 3.31162667 -0.05942747 -1.        
 3.69988298  0.44334027 -1.        
 3.93476978 -0.28075269 -1.        
 3.59556598 -0.25995962 -1.        
 3.96731639  0.0730469  -1.        
 4.0097371  -0.22011152 -1.        
 3.38395745 -0.32037607 -1.        
 3.43712454  0.3276399  -1.        
