1.000000 -0.241561 -0.205097 0.058352 0.042065 0.049543 1.000000
1.000000 -0.280729 0.474335 0.078809 0.224993 -0.133159 1.000000
1.000000 -0.206535 0.000563 0.042657 0.000000 -0.000116 1.000000
1.000000 -0.420338 -0.364806 0.176684 0.133083 0.153342 1.000000
1.000000 1.242516 1.024296 1.543846 1.049182 1.272704 1.000000
1.000000 -0.516746 -0.900710 0.267027 0.811279 0.465438 1.000000
1.000000 1.623671 1.798855 2.636307 3.235878 2.920748 1.000000
1.000000 0.389672 -1.652370 0.151844 2.730328 -0.643883 1.000000
1.000000 2.032159 -0.088799 4.129672 0.007885 -0.180454 1.000000
1.000000 4.259299 -2.383682 18.141624 5.681942 -10.152815 1.000000
1.000000 0.027478 0.704554 0.000755 0.496396 0.019360 1.000000
1.000000 1.904573 -1.474058 3.627400 2.172847 -2.807451 1.000000
1.000000 -0.634118 -1.225943 0.402106 1.502937 0.777393 1.000000
1.000000 0.660179 0.387628 0.435837 0.150255 0.255904 1.000000
1.000000 0.218836 -0.360373 0.047889 0.129869 -0.078863 1.000000
1.000000 0.025981 -0.120942 0.000675 0.014627 -0.003142 1.000000
1.000000 0.424361 0.376411 0.180083 0.141685 0.159734 1.000000
1.000000 -0.569892 -0.668935 0.324777 0.447474 0.381221 1.000000
1.000000 0.171649 0.076510 0.029463 0.005854 0.013133 1.000000
1.000000 -0.110150 -0.165813 0.012133 0.027494 0.018264 1.000000
1.000000 1.052683 1.509218 1.108141 2.277739 1.588728 1.000000
1.000000 1.810580 2.103592 3.278200 4.425098 3.808721 1.000000
1.000000 -0.385070 -0.841377 0.148279 0.707916 0.323989 1.000000
1.000000 1.540456 2.066974 2.373004 4.272382 3.184082 1.000000
1.000000 0.633628 0.151483 0.401485 0.022947 0.095984 1.000000
1.000000 0.708323 1.740649 0.501721 3.029858 1.232941 1.000000
1.000000 1.363906 -0.397233 1.860239 0.157794 -0.541788 1.000000
1.000000 0.860381 2.275940 0.740256 5.179901 1.958176 1.000000
1.000000 -0.471500 0.974628 0.222312 0.949900 -0.459537 1.000000
1.000000 0.084102 0.357902 0.007073 0.128094 0.030100 1.000000
1.000000 -0.624785 0.077471 0.390357 0.006002 -0.048403 1.000000
1.000000 1.895464 1.615021 3.592784 2.608292 3.061214 1.000000
1.000000 0.663808 -2.149962 0.440641 4.622335 -1.427161 1.000000
1.000000 -0.253288 0.033356 0.064155 0.001113 -0.008449 1.000000
1.000000 -0.487060 0.879768 0.237227 0.773992 -0.428500 1.000000
1.000000 -0.571898 0.186660 0.327067 0.034842 -0.106751 1.000000
1.000000 -0.273816 0.306055 0.074975 0.093670 -0.083803 1.000000
1.000000 3.103046 1.957760 9.628892 3.832822 6.075017 1.000000
1.000000 2.175638 2.458471 4.733402 6.044078 5.348743 1.000000
1.000000 -0.641677 0.428460 0.411749 0.183578 -0.274933 1.000000
1.000000 0.191915 0.484234 0.036831 0.234482 0.092932 1.000000
1.000000 -0.598563 0.563995 0.358277 0.318091 -0.337586 1.000000
1.000000 9.331742 -4.251366 87.081411 18.074116 -39.672655 1.000000
1.000000 0.617464 0.616954 0.381261 0.380633 0.380947 1.000000
1.000000 0.559053 -1.191056 0.312541 1.418614 -0.665864 1.000000
1.000000 -0.814361 0.416573 0.663184 0.173533 -0.339241 1.000000
1.000000 1.181595 0.520362 1.396168 0.270777 0.614858 1.000000
1.000000 0.489378 0.793933 0.239491 0.630329 0.388533 1.000000
1.000000 1.575734 1.437077 2.482937 2.065192 2.264452 1.000000
1.000000 0.700788 0.480956 0.491104 0.231319 0.337048 1.000000
1.000000 3.015624 2.270242 9.093986 5.153999 6.846196 1.000000
1.000000 2.437324 2.609364 5.940548 6.808778 6.359864 1.000000
1.000000 0.590604 -1.541661 0.348814 2.376720 -0.910512 1.000000
1.000000 0.641323 -1.698465 0.411296 2.884785 -1.089266 1.000000
1.000000 -1.710970 0.177274 2.927419 0.031426 -0.303310 1.000000
1.000000 -0.135116 0.203029 0.018256 0.041221 -0.027432 1.000000
1.000000 1.738744 -1.202652 3.023232 1.446372 -2.091104 1.000000
1.000000 1.625272 -0.875447 2.641508 0.766407 -1.422839 1.000000
1.000000 -0.164657 0.510245 0.027112 0.260350 -0.084016 1.000000
1.000000 0.766693 -1.183508 0.587818 1.400691 -0.907387 1.000000
1.000000 -1.050786 -0.542666 1.104150 0.294486 0.570226 1.000000
1.000000 -0.464383 -0.008825 0.215651 0.000078 0.004098 1.000000
1.000000 2.111088 -0.054091 4.456693 0.002926 -0.114191 1.000000
1.000000 1.743230 0.838400 3.038851 0.702915 1.461524 1.000000
1.000000 1.340118 1.939897 1.795917 3.763202 2.599692 1.000000
1.000000 -0.176697 -1.414857 0.031222 2.001821 0.250001 1.000000
1.000000 0.980687 0.347307 0.961748 0.120622 0.340600 1.000000
1.000000 1.337606 0.293019 1.789191 0.085860 0.391944 1.000000
1.000000 4.597909 -2.858280 21.140763 8.169764 -13.142110 1.000000
1.000000 2.195527 0.722243 4.820339 0.521635 1.585704 1.000000
1.000000 2.949642 1.448194 8.700387 2.097267 4.271654 1.000000
1.000000 -0.696578 0.077467 0.485221 0.006001 -0.053962 1.000000
1.000000 2.023916 -1.679553 4.096237 2.820897 -3.399274 1.000000
1.000000 1.145918 -0.625425 1.313128 0.391156 -0.716686 1.000000
1.000000 -2.233922 -0.259890 4.990410 0.067543 0.580575 1.000000
1.000000 0.453765 0.580131 0.205903 0.336552 0.263243 1.000000
1.000000 -0.222188 -0.684347 0.049367 0.468331 0.152053 1.000000
1.000000 -0.225919 -0.526089 0.051039 0.276770 0.118853 1.000000
1.000000 0.374236 0.571888 0.140053 0.327056 0.214021 1.000000
1.000000 0.633795 -0.560739 0.401696 0.314428 -0.355393 1.000000
1.000000 0.609132 0.277483 0.371042 0.076997 0.169024 1.000000
1.000000 2.174950 2.269821 4.730408 5.152088 4.936748 1.000000
1.000000 0.530922 0.205576 0.281878 0.042262 0.109145 1.000000
1.000000 7.135778 3.666287 50.919335 13.441657 26.161809 1.000000
1.000000 4.081623 2.653191 16.659650 7.039420 10.829325 1.000000
1.000000 1.188996 2.159583 1.413711 4.663799 2.567735 1.000000
1.000000 3.799845 -2.868704 14.438825 8.229463 -10.900632 1.000000
1.000000 0.753253 -0.397197 0.567390 0.157765 -0.299189 1.000000
1.000000 -2.030025 0.269452 4.121001 0.072604 -0.546995 1.000000
1.000000 0.558001 1.118597 0.311365 1.251259 0.624178 1.000000
1.000000 2.900805 -1.890317 8.414669 3.573299 -5.483441 1.000000
1.000000 2.619631 -2.174065 6.862465 4.726561 -5.695249 1.000000
1.000000 1.476185 0.772227 2.179121 0.596334 1.139949 1.000000
1.000000 -0.578625 -0.361980 0.334807 0.131029 0.209450 1.000000
1.000000 -0.366728 1.277364 0.134489 1.631659 -0.468445 1.000000
1.000000 -0.193434 -1.047025 0.037417 1.096261 0.202531 1.000000
1.000000 3.310591 1.589611 10.960011 2.526864 5.262552 1.000000
1.000000 0.133352 -0.261288 0.017783 0.068272 -0.034843 1.000000
1.000000 -1.074899 -0.822878 1.155408 0.677128 0.884511 1.000000
1.000000 2.478735 1.828690 6.144127 3.344107 4.532838 1.000000
1.000000 0.944297 -0.978688 0.891696 0.957830 -0.924171 1.000000
1.000000 -0.204393 -1.378603 0.041777 1.900548 0.281778 1.000000
1.000000 -0.042061 -1.707437 0.001769 2.915341 0.071816 1.000000
1.000000 -0.968255 -0.692068 0.937517 0.478958 0.670098 1.000000
1.000000 2.049806 -2.149607 4.201705 4.620809 -4.406277 1.000000
1.000000 -0.954921 1.386467 0.911874 1.922292 -1.323967 1.000000
1.000000 2.439607 2.785183 5.951682 7.757246 6.794752 1.000000
1.000000 -0.011936 -0.849165 0.000142 0.721082 0.010136 1.000000
1.000000 0.766980 -0.934202 0.588258 0.872732 -0.716514 1.000000
1.000000 0.696903 1.326037 0.485674 1.758374 0.924120 1.000000
1.000000 -1.055974 -0.632167 1.115082 0.399635 0.667552 1.000000
1.000000 0.517578 -0.083161 0.267887 0.006916 -0.043042 1.000000
1.000000 3.877374 -1.597886 15.034029 2.553240 -6.195602 1.000000
1.000000 3.561096 -2.756046 12.681407 7.595789 -9.814545 1.000000
1.000000 1.759918 -1.164799 3.097311 1.356758 -2.049951 1.000000
1.000000 -0.790264 -0.985101 0.624517 0.970424 0.778490 1.000000
1.000000 1.477848 -1.812683 2.184034 3.285818 -2.678869 1.000000
1.000000 3.213930 -2.270294 10.329348 5.154235 -7.296567 1.000000
1.000000 0.479079 1.222732 0.229517 1.495074 0.585785 1.000000
1.000000 1.917271 -1.032408 3.675926 1.065866 -1.979405 1.000000
1.000000 1.347618 0.337980 1.816074 0.114231 0.455468 1.000000
1.000000 -1.139412 0.587504 1.298261 0.345161 -0.669410 1.000000
1.000000 0.452912 0.959017 0.205129 0.919714 0.434351 1.000000
1.000000 2.687367 -2.572369 7.221944 6.617080 -6.912899 1.000000
1.000000 1.509292 -1.876945 2.277963 3.522923 -2.832858 1.000000
1.000000 2.306095 1.869956 5.318076 3.496736 4.312297 1.000000
1.000000 -0.467108 0.815201 0.218190 0.664553 -0.380787 1.000000
1.000000 4.026705 -2.329326 16.214355 5.425760 -9.379510 1.000000
1.000000 2.792799 2.244847 7.799728 5.039339 6.269408 1.000000
1.000000 -0.088064 0.387945 0.007755 0.150502 -0.034164 1.000000
1.000000 3.272107 1.949896 10.706683 3.802095 6.380268 1.000000
1.000000 -0.988428 -0.834376 0.976990 0.696183 0.824720 1.000000
1.000000 -0.304500 -0.128438 0.092720 0.016496 0.039109 1.000000
1.000000 0.405257 -1.208721 0.164233 1.461007 -0.489843 1.000000
1.000000 1.932547 -2.191782 3.734740 4.803909 -4.235723 1.000000
1.000000 3.444077 2.523331 11.861668 6.367198 8.690546 1.000000
1.000000 1.540861 -0.945777 2.374253 0.894495 -1.457311 1.000000
1.000000 -0.972163 -0.098820 0.945100 0.009765 0.096069 1.000000
1.000000 1.722070 0.791366 2.965524 0.626260 1.362787 1.000000
1.000000 0.517306 -0.471410 0.267606 0.222227 -0.243863 1.000000
1.000000 -0.954189 0.464704 0.910476 0.215950 -0.443415 1.000000
1.000000 3.093015 -3.174476 9.566744 10.077299 -9.818704 1.000000
1.000000 -0.735347 -0.084517 0.540735 0.007143 0.062149 1.000000
1.000000 2.503493 -2.283462 6.267478 5.214197 -5.716631 1.000000
1.000000 2.348849 -0.817685 5.517093 0.668609 -1.920619 1.000000
1.000000 2.866597 1.895703 8.217379 3.593691 5.434218 1.000000
1.000000 2.396709 -1.613431 5.744215 2.603161 -3.866926 1.000000
1.000000 -1.392084 -0.030886 1.937898 0.000954 0.042996 1.000000
1.000000 1.337826 0.967165 1.789778 0.935408 1.293898 1.000000
1.000000 3.468317 2.699521 12.029222 7.287412 9.362793 1.000000
1.000000 3.652889 0.160936 13.343595 0.025900 0.587880 -1.000000
1.000000 3.927288 -1.309385 15.423590 1.714489 -5.142332 -1.000000
1.000000 3.707545 -0.415032 13.745886 0.172252 -1.538751 -1.000000
1.000000 4.463564 0.172358 19.923405 0.029707 0.769333 -1.000000
1.000000 3.924749 -0.067091 15.403655 0.004501 -0.263313 -1.000000
1.000000 3.961309 0.719752 15.691970 0.518043 2.851160 -1.000000
1.000000 3.703982 -0.003533 13.719480 0.000012 -0.013086 -1.000000
1.000000 4.795802 -0.761889 22.999718 0.580474 -3.653867 -1.000000
1.000000 3.850900 0.236523 14.829432 0.055943 0.910827 -1.000000
1.000000 3.134144 -0.745744 9.822861 0.556134 -2.337270 -1.000000
1.000000 3.413017 -0.202457 11.648686 0.040989 -0.690990 -1.000000
1.000000 4.846216 -0.537873 23.485812 0.289307 -2.606647 -1.000000
1.000000 4.493627 0.224369 20.192682 0.050342 1.008233 -1.000000
1.000000 3.822299 -0.476681 14.609973 0.227225 -1.822018 -1.000000
1.000000 3.877865 -0.773563 15.037837 0.598400 -2.999774 -1.000000
1.000000 3.702707 0.492290 13.710041 0.242350 1.822807 -1.000000
1.000000 3.639281 -0.289022 13.244367 0.083534 -1.051832 -1.000000
1.000000 3.740652 -0.696644 13.992476 0.485313 -2.605903 -1.000000
1.000000 4.089067 0.151133 16.720469 0.022841 0.617993 -1.000000
1.000000 3.467259 0.281598 12.021885 0.079298 0.976374 -1.000000
1.000000 4.409994 -0.350266 19.448045 0.122686 -1.544671 -1.000000
1.000000 3.339790 -0.451280 11.154200 0.203653 -1.507179 -1.000000
1.000000 4.365393 -0.584661 19.056652 0.341829 -2.552275 -1.000000
1.000000 3.721552 -0.301946 13.849953 0.091171 -1.123707 -1.000000
1.000000 3.766578 -0.162376 14.187107 0.026366 -0.611603 -1.000000
1.000000 4.807483 -0.021529 23.111894 0.000463 -0.103499 -1.000000
1.000000 4.052085 0.039149 16.419393 0.001533 0.158633 -1.000000
1.000000 3.690900 0.552873 13.622746 0.305669 2.040599 -1.000000
1.000000 3.645875 -0.273209 13.292402 0.074643 -0.996086 -1.000000
1.000000 3.557295 0.063157 12.654350 0.003989 0.224669 -1.000000
1.000000 4.665915 0.098994 21.770759 0.009800 0.461900 -1.000000
1.000000 4.181008 -0.408957 17.480829 0.167246 -1.709854 -1.000000
1.000000 4.006638 -0.074385 16.053148 0.005533 -0.298035 -1.000000
1.000000 4.923981 0.716375 24.245593 0.513193 3.527417 -1.000000
1.000000 3.897854 -0.293041 15.193270 0.085873 -1.142230 -1.000000
1.000000 4.700574 0.353455 22.095393 0.124930 1.661440 -1.000000
1.000000 3.643309 -0.119631 13.273699 0.014312 -0.435853 -1.000000
1.000000 4.490264 -0.598352 20.162471 0.358026 -2.686760 -1.000000
1.000000 3.567480 -0.050749 12.726916 0.002575 -0.181047 -1.000000
1.000000 3.501199 0.641156 12.258394 0.411082 2.244816 -1.000000
1.000000 4.566631 0.146247 20.854121 0.021388 0.667854 -1.000000
1.000000 4.958724 -0.816231 24.588945 0.666232 -4.047462 -1.000000
1.000000 3.311627 -0.059427 10.966871 0.003532 -0.196802 -1.000000
1.000000 3.699883 0.443340 13.689134 0.196551 1.640307 -1.000000
1.000000 3.934770 -0.280753 15.482413 0.078822 -1.104697 -1.000000
1.000000 3.595566 -0.259960 12.928095 0.067579 -0.934702 -1.000000
1.000000 3.967316 0.073047 15.739599 0.005336 0.289800 -1.000000
1.000000 4.009737 -0.220112 16.077992 0.048449 -0.882589 -1.000000
1.000000 3.383957 -0.320376 11.451168 0.102641 -1.084139 -1.000000
1.000000 3.437125 0.327640 11.813825 0.107348 1.126139 -1.000000
